[[  1.  33.]
 [  2. 148.]
 [  3.   2.]
 [  4.  34.]
 [  5.  33.]
 [  6.   4.]
 [  7.  15.]
 [  8.  31.]
 [  9.  30.]
 [ 10.   3.]
 [ 11. 104.]
 [ 12. 329.]
 [ 13.  36.]
 [ 14. 226.]
 [ 15. 198.]
 [ 16.   1.]
 [ 17.   1.]
 [ 18.   1.]
 [ 19.  21.]
 [ 20.   8.]
 [ 21.   0.]
 [ 22.   0.]
 [ 23.   3.]
 [ 24.   1.]
 [ 25.   4.]
 [ 26.   4.]
 [ 27.   0.]
 [ 28.   0.]
 [ 29.   3.]
 [ 30.   0.]
 [ 31.  27.]
 [ 32.   0.]
 [ 33.  24.]
 [ 34.   0.]
 [ 35.   0.]
 [ 36.  61.]
 [ 37.   1.]
 [ 38.  15.]
 [ 39.   3.]
 [ 40.  12.]
 [ 41.   5.]
 [ 42.   6.]
 [ 43.  24.]
 [ 44.  25.]
 [ 45.   0.]
 [ 46.  10.]
 [ 47.   6.]
 [ 48.   0.]
 [ 49.   0.]
 [ 50.   0.]
 [ 51.  24.]
 [ 52.   1.]
 [ 53.   5.]
 [ 54.   3.]
 [ 55.  30.]
 [ 56.   1.]
 [ 57.  17.]
 [ 58.  40.]
 [ 59.  56.]
 [ 60.  17.]
 [ 61.   5.]
 [ 62. 610.]
 [ 63. 427.]
 [ 64.  33.]
 [ 65.  63.]
 [ 66.   4.]
 [ 67.   3.]
 [ 68.   3.]
 [ 69.  10.]
 [ 70.  30.]
 [ 71.  90.]
 [ 72.  48.]
 [ 73.   0.]
 [ 74.  60.]
 [ 75.   0.]
 [ 76.   2.]
 [ 77.   0.]
 [ 78.   0.]
 [ 79.   3.]
 [ 80.   0.]
 [ 81.   1.]
 [ 82.  78.]
 [ 83.   1.]
 [ 84.   6.]
 [ 85.   4.]
 [ 86.   1.]
 [ 87.  52.]
 [ 88.  45.]
 [ 89.   0.]
 [ 90.   0.]
 [ 91.   0.]
 [ 92.   6.]
 [ 93.   0.]
 [ 94.   1.]
 [ 95.   0.]
 [ 96.   2.]
 [ 97.   5.]
 [ 98.   2.]
 [ 99.   4.]
 [100.   2.]
 [101.   0.]
 [102.   6.]
 [103.   0.]
 [104.   0.]
 [105.   2.]
 [106.   0.]
 [107.  33.]
 [108.   2.]
 [109.  17.]
 [110.   0.]
 [111.   1.]
 [112.   2.]
 [113.  11.]
 [114.   4.]
 [115.   2.]
 [116.   2.]
 [117.   0.]
 [118.   0.]
 [119.  11.]
 [120.   1.]
 [121.  53.]
 [122. 107.]
 [123. 178.]
 [124.   6.]
 [125.   7.]
 [126.   0.]
 [127. 127.]
 [128.   4.]
 [129. 279.]
 [130.   0.]
 [131.  20.]
 [132.   5.]
 [133.   0.]
 [134.   1.]
 [135.   0.]
 [136.  55.]
 [137.   8.]
 [138.   3.]
 [139. 668.]
 [140. 170.]
 [141. 125.]
 [142.   2.]
 [143.   1.]
 [144.   0.]
 [145.   1.]
 [146.  24.]
 [147.   9.]
 [148. 121.]
 [149.   3.]
 [150.   6.]
 [151.   0.]
 [152.  18.]
 [153.   0.]
 [154.   5.]
 [155.  14.]
 [156.  13.]
 [157.   3.]
 [158.   0.]
 [159.   1.]
 [160.  58.]
 [161.  15.]
 [162.  20.]
 [163.  22.]
 [164. 235.]
 [165.   0.]
 [166. 321.]
 [167.  46.]
 [168.   0.]
 [169.   0.]
 [170.   0.]
 [171.   0.]
 [172.   0.]
 [173.   4.]
 [174.   3.]
 [175.   0.]
 [176.  42.]
 [177.   0.]
 [178.   0.]
 [179.   0.]
 [180.  12.]
 [181.   1.]
 [182.  10.]
 [183.   1.]
 [184.   0.]
 [185.   1.]
 [186.  93.]
 [187.  49.]
 [188.   1.]
 [189. 216.]
 [190.   7.]
 [191. 259.]
 [192.   0.]
 [193.  85.]
 [194. 469.]
 [195.   0.]
 [196.   0.]
 [197.   0.]
 [198.  35.]
 [199.   7.]
 [200.   3.]
 [201.   0.]
 [202.   0.]
 [203.   0.]
 [204.  40.]
 [205.  40.]
 [206.   2.]
 [207.   0.]
 [208.   1.]
 [209.   0.]
 [210.   0.]
 [211.   0.]
 [212.   1.]
 [213.   1.]
 [214.   0.]
 [215.  20.]
 [216. 264.]
 [217.   9.]
 [218.   2.]
 [219.   0.]
 [220.  49.]
 [221. 732.]
 [222.   0.]
 [223.  62.]
 [224.  12.]
 [225. 765.]
 [226.   0.]
 [227. 283.]
 [228.   0.]
 [229.  55.]
 [230.   0.]]